# distance
world_distances = [
    [0.0,   31.0,   27.2,   41.0,   35.6,   47.8],
    [31.0,  0.0,    41.0,   27.2,   44.8,   34.0],
    [27.2,  41.0,   0.0,    31.0,   22.5,   39.4],
    [41.0,  27.2,   31.0,   0.0,    34.3,   19.3],
    [35.6,  44.8,   22.5,   34.3,   0.0,    29.1],
    [47.8,  34.0,   39.4,   19.3,   29.1,   0.0]
]

cameras = [
    # Camera 1
    [
        [1780, 574],    # point 1
        [2659, 335],    # point 2
        [1797, 1356],   # point 3
        [2630, 1546],   # point 4
        [1228, 1528],   # point 5
        [2250, 1939]    # point 6
    ],
    # Camera 2
    [
        [1200, 404],    # point 1
        [2369, 476],    # point 2
        [1252, 1503],   # point 3
        [2362, 1422],   # point 4
        [1306, 1952],   # point 5
        [2930, 1662]    # point 6
    ]
]
